0 0.1078125 0.40375586854460094 0.1625 0.22769953051643194
0 0.0546875 0.10328638497652583 0.103125 0.1643192488262911
0 0.2390625 0.22769953051643194 0.1265625 0.22535211267605634
0 0.371875 0.38967136150234744 0.1015625 0.1619718309859155
0 0.5 0.3380281690140845 0.16875 0.1643192488262911
0 0.5484375 0.1596244131455399 0.1140625 0.1807511737089202
0 0.3828125 0.15492957746478872 0.178125 0.13380281690140844
0 0.6875 0.13615023474178403 0.121875 0.1267605633802817
0 0.7859375 0.1267605633802817 0.1296875 0.16666666666666666
0 0.80625 0.33098591549295775 0.11875 0.1807511737089202
0 0.68125 0.352112676056338 0.1625 0.1619718309859155
0 0.878125 0.5516431924882629 0.2421875 0.19248826291079812
0 0.5703125 0.7347417840375586 0.190625 0.2300469483568075
0 0.4234375 0.7910798122065728 0.125 0.24413145539906103
0 0.2578125 0.7018779342723005 0.090625 0.14553990610328638
0 0.475 0.8943661971830986 0.115625 0.20892018779342722
0 0.58125 0.9049295774647887 0.165625 0.19014084507042253
0 0.6671875 0.8849765258215962 0.1390625 0.15492957746478872
0 0.109375 0.8849765258215962 0.09375 0.22769953051643194
0 0.171875 0.8403755868544601 0.071875 0.2136150234741784
0 0.4828125 0.4859154929577465 0.184375 0.14553990610328638