0 0.3671875 0.07311320754716981 0.225 0.12028301886792453
0 0.3921875 0.15566037735849056 0.1296875 0.11556603773584906
0 0.490625 0.22641509433962265 0.1078125 0.1391509433962264
0 0.9 0.2358490566037736 0.15 0.18867924528301888
0 0.746875 0.23820754716981132 0.1296875 0.1721698113207547
0 0.63125 0.5212264150943396 0.1640625 0.30660377358490565
0 0.8703125 0.5778301886792453 0.134375 0.27122641509433965
0 0.78125 0.6933962264150944 0.121875 0.20518867924528303
0 0.7625 0.8726415094339622 0.184375 0.22877358490566038
0 0.5296875 0.8726415094339622 0.121875 0.25471698113207547
0 0.6 0.6839622641509434 0.18125 0.22169811320754718
0 0.4109375 0.7570754716981132 0.16875 0.22641509433962265
0 0.1265625 0.8207547169811321 0.240625 0.2641509433962264
0 0.1171875 0.5589622641509434 0.23125 0.1391509433962264
0 0.25 0.6061320754716981 0.1203125 0.1957547169811321
0 0.2703125 0.47641509433962265 0.115625 0.1580188679245283
0 0.115625 0.41037735849056606 0.23125 0.1792452830188679
0 0.1046875 0.33726415094339623 0.159375 0.24528301886792453
0 0.2515625 0.2806603773584906 0.1359375 0.1650943396226415
0 0.3453125 0.37735849056603776 0.084375 0.17688679245283018